1200.000000000000000000 0.17836912
1180.000000000000000000 0.1913788152909206841
1160.000000000000000000 0.2065143360765770708
1140.000000000000000000 0.2242645150799097986
1120.000000000000000000 0.2452600684473099091
1100.000000000000000000 0.2703182507432390080
1080.000000000000000000 0.3004868620578494132
1060.000000000000000000 0.3371075783400050985
1040.000000000000000000 0.3820453719773111434
1020.000000000000000000 0.4383248836639527246
1000.000000000000000000 0.5110471078060445649
980.000000000000000000 0.6081760868566757905
960.000000000000000000 0.7415014707276422756
940.000000000000000000 0.9283284609325568315
920.000000000000000000 1.193422575884080850
900.000000000000000000 1.565595035526250900
880.000000000000000000 2.042835078836501950
860.000000000000000000 2.496341090724690570
840.000000000000000000 2.658694537577282802
820.000000000000000000 2.433315920117384401
800.000000000000000000 2.025975055647950995
780.000000000000000000 1.650805183855886815
760.000000000000000000 1.406447132940994216
740.000000000000000000 1.294590214888646784
720.000000000000000000 1.270979534917221709
700.000000000000000000 1.211982126617436872
680.000000000000000000 1.060834764969776467
660.000000000000000000 0.9060240857202841447
640.000000000000000000 0.7920562878930140771
620.000000000000000000 0.7834631448191620162
600.000000000000000000 0.9084773109299429938
580.000000000000000000 1.074883589672150919
560.000000000000000000 1.312104711509184618
540.000000000000000000 2.055207377447895389
520.000000000000000000 3.135473555867485107
500.000000000000000000 2.111959631677476690
480.000000000000000000 1.106207343553726519
460.000000000000000000 0.6981670925475954581
440.000000000000000000 0.7353694448465952771
420.000000000000000000 0.7221770091302794903
400.000000000000000000 0.8151302500085167990
380.000000000000000000 0.6467811614600816883
360.000000000000000000 0.5027376843842725762
340.000000000000000000 0.4613890690319832344
320.000000000000000000 0.4596990920979996953
300.000000000000000000 0.4580091151640161562




