1200.000000000000000000 3.50745479
1180.000000000000000000 3.536468178473081814
1160.000000000000000000 3.568447692377053837
1140.000000000000000000 3.603801470403725560
1120.000000000000000000 3.643007986321695313
1100.000000000000000000 3.686621958474642469
1080.000000000000000000 3.735290944030307259
1060.000000000000000000 3.789837562468485910
1040.000000000000000000 3.851454123727355405
1020.000000000000000000 3.921804436811571648
1000.000000000000000000 4.002584491372741304
980.000000000000000000 4.094565660434889232
960.000000000000000000 4.196279746781166331
940.000000000000000000 4.301306207367823653
920.000000000000000000 4.391402134969749405
900.000000000000000000 4.419288925214345021
880.000000000000000000 4.282213793354593179
860.000000000000000000 3.853657027488198494
840.000000000000000000 3.184580760170602431
820.000000000000000000 2.584336075664941834
800.000000000000000000 2.263935715732811715
780.000000000000000000 2.194550216046804447
760.000000000000000000 2.259040506420187278
740.000000000000000000 2.344002729485487269
720.000000000000000000 2.367970517849906642
700.000000000000000000 2.299270934227545471
680.000000000000000000 2.271545425731985812
660.000000000000000000 2.334691999129262729
640.000000000000000000 2.482857969526076847
620.000000000000000000 2.694488975160840738
600.000000000000000000 2.884500567834310747
580.000000000000000000 2.994539482181472145
560.000000000000000000 3.209483238892277601
540.000000000000000000 3.366081524585723628
520.000000000000000000 2.221970551167690822
500.000000000000000000 0.8501055475986540877
480.000000000000000000 0.9576062221756509452
460.000000000000000000 1.394341485841681827
440.000000000000000000 1.726741143061948369
420.000000000000000000 1.703504917807999064
400.000000000000000000 1.785661127761052791
380.000000000000000000 1.688659939417374467
360.000000000000000000 1.767618136786187399
340.000000000000000000 2.035886805428193558
320.000000000000000000 2.322119822256230925
300.000000000000000000 2.608352839084268293

